3100
3300
2700
3050
2650
2850
3200
3500
3000
2650
2550
2800
3250
3400
3350
3250
2950
2550
3350
2750
3250
3150
3050
3200
2350
2950
3100
3200
3000
3500
3050
2900
2650
3150
3400
3050
3000
2900
2800
2500
2950
2600
3200
2750
3100
3300
3450
2750
3050
2650
3300
2650
2700
2750
3250
3100
3350
3000
2750
3650
3250
2750
2950
2800
3250
2900
2950
2550
2750
3500
2600
2900
2850
3050
2800
3050
3150
3050
2550
2750
2900
3300
3450
3350
2800
3000
3250
2950
3300
3200
2850
3300
3400
2650
3050
2950
3150
3200
2900
2900
3600
2800
2950
2450
2750
2900
2700
2800
2850
2550
2850
2750
3100
3550
2950
2900
2700
3450
3650
3200
2550
2900
3050
3100
3300
2750
2900
3300
2900
2950
3000
2850
2750
2950
3150
2950
2600
2950
2750
3250
3000
2900
2950
3000
2800
3150
3350
3200
2700
2950
3150
2950
3150
3500
2750
3300
2800
3300
2950
3100
3250
3300
3150
2950
3250
3100
3250
3100
3250
2900
2950
3250
2850
2550
3100
3000
3250
3200
3150
2850
2800
3150
3150
2950
3250
3300
3300
3000
2300
3300
2750
2450
2800
2950
2900
2650
3250
3250
3400
2750
