3017.33
4664.9
3548.08
3636.18
4678.03
5184.96
4138.12
3649.63
4382.33
4828.29
3609.83
3917.48
4924.62
5107.38
4340.59
5196.49
5038.29
3519.58
3495.96
3811.17
5126.33
3616.12
5082.09
4755.22
4212.64
3400.74
4999.14
3778.59
3926.43
4621.68
3409.5
3524.28
4332.61
4518.34
3733.95
3776.54
3420.91
4586.88
4587.01
2883.72
3067.11
3926.72
3966.96
4420.03
3279.41
3732.71
4012.36
4147.98
3543.33
4494.43
3638.49
3346.32
3078.49
4467.29
3367.49
3564.86
2819.62
2977.53
3663.54
2869.52
2934.88
3123.46
3087.3
4640.9
4693.46
3435.33
3579.86
4986.05
4494.47
5056.18
5189.51
3828.12
4869.6
4004.52
3552.63
3733.78
4269.81
5081.96
4440.28
3540.12
4449.6
4985.72
4681.89
4844.13
5259.26
5189.7
3779.63
4415.56
3657.89
4155.51
3523.88
4596.73
4760.48
3435.9
3923.55
4750.63
3729.27
3233.88
4763.66
3821.5
4326.3
3980.35
3103.93
3070.33
2935.95
3493.23
4031.09
3048.86
3875.05
4282.3
2977.68
3875.32
2799.73
2561.38
2922.31
2874.72
4026.01
3532.92
2781.96
4647.35
4573.14
4505.33
4311.1
3626.46
4745.5
4407.56
3818.35
4190.12
4062.93
3262.31
4013.76
4385.71
4352.65
4178.87
4298.13
4331.97
4813.72
5428.81
4806.24
5358.68
4866.87
5165.17
4515.34
4946.13
3600.2
4347.85
4731.55
3526.09
3623.75
4436.06
4265.42
4207.32
4144.53
3411.51
3609.95
3486.36
3075
4693.73
4432.3
4008.43
2987.4
4511.23
3694.3
3439.81
2727.64
4291.74
2712.88
4516.3
3501.31
3633.98
4475.05
4329.25
3245.59
4424.67
3519.94
3914.82
4099.91
3664.59
3701.63
4206.94
2788.76
3565.25
4144.83
3418.74
4729.07
4480.24
4706.77
3914
3673.98
3232.19
3256.89
3630.77
3707.14
4398.87
4087.42
4119.81
3396.34
5118.88
3764.33
4258.25
4921.36
4979.49
3733.58
3701.89
3985.14
3548.22
3991.54
5137
5322.3
5110.19
5133.47
3392.74
3614.93
5172.28
5090.85
4478.84
4630.24
4298.47
3871.14
4608.49
4390.45
3837.25
4612.39
4271.1
3189.72
3104.87
4264.93
3417.34
4270.26
4588.08
4215.06
2819.63
3970.55
2728.06
4162.42
3671.47
3160.6
2851.26
3564.85
4488.99
2775.49
3807.44
3964.44
3377.57
3260.96
2880.11
4506.24
4726.17
4743.78
4530.6
3962.91
4391.39
3739.19
3538.03
3578.04
4434.69
5207.28
4098.22
4038.38
3472.76
3769.54
3442
4888.36
3704.17
4899.12
3535.21
3697.71
4673.68
3894.11
5422.69
5294.89
4835.71
3448
3776.9
4376.39
4979.61
3627.69
4215.21
3807.19
4578.38
5072.65
4945.97
3921.62
3123.89
3227.01
3308.73
3140.21
3512.13
4419.14
2769.62
3214.4
3539.94
3599.12
2936.19
3411.73
2578.56
2550.96
4154.84
2956.52
3485.77
4389.77
3253.42
4038.04
2820.26
3158.41
3993.62
2698.57
3421.38
4336.5
2793.37
3916.24
4416.48
3073.6
3284.46
4192.21
4718.12
3959.89
4265.66
3956.72
5073.81
5144.67
4613.62
5104.3
4729.17
4616.18
3714.16
3970.41
3767.07
5453.77
4974.79
5061.89
5183.92
3863.32
4979.92
3851.17
3765.11
4809.93
3852.43
3949.11
3822.38
5057.32
3381.94
4966.05
4854.32
4429.61
4483.74
4375.35
3193.66
3105.17
4550.46
3692.55
4704.94
3758.24
4260.01
4281.75
4593.29
4359.42
4403.13
3104.06
3390.99
4449.97
4293.22
3720.93
3182.3
2702.43
4322.47
2864.97
3131.04
4580.17
4226.52
3891.77
4373
3909.21
3620.67
3424.95
3336.66
3174.84
4370.05
4507.07
3553.46
4354.76
3355.65
4567.96
5019.92
5100.64
5198.22
3522.8
5173.59
4080.35
3501.4
4311.21
4544.35
4292.14
4176.92
5189.25
5142.94
4162.48
5411.68
4086.55
4648.35